{"data": [{"uid": "YrJKchdbYx2cOvch", "label": "tv_monitor", "modelId": "custom.abandon", "children": [], "objectId": 6, "segments": {"obb": {"centroid": [-145.80539494145629, 165.30592938088182, -115.71743580574696], "axesLengths": [122.76921117180066, 72.91060480833052, 4.591064446993503], "normalizedAxes": [0.9779155480983251, -6.938893903907228e-18, 0.2090004325056586, -0.008668508958423887, 0.9991394990880111, 0.04056005811874497, -0.20882058744288143, -0.04147603358758217, 0.9770740508773385]}, "partId": 6, "fixScale": true, "segments": [358292, 354748, 344240, 344785, 323498, 316964, 342277, 342251, 342296, 342515, 343186, 317742, 344468, 344208, 356111, 359959, 356800, 354830, 354588, 354535, 317022, 344371, 345262, 345225, 343201, 318526, 319968], "fixRotate": true, "obbAligned": {"centroid": [-1.3488842937226002, -1.4681187897313352, 0.8874382873200182], "axesLengths": [0.04591064446993503, 1.2276921117180066, 0.7291060480833051], "normalizedAxes": [0.9770740508773385, -0.20882058744288143, -0.04147603358758217, 0.2090004325056586, 0.9779155480983251, -6.938893903907228e-18, 0.04056005811874497, -0.008668508958423887, 0.9991394990880111]}, "fixPosition": true, "dominantNormal": [-0.20882058744288143, -0.04147603358758217, 0.9770740508773385]}, "hierarchy": 1, "isInGroup": false, "labelType": "category", "attributes": {"tags": ["regular_shape", "current_scanning"], "attributes": {"occlusion": "0~20%", "incompleteness": "20%~50%"}}}, {"uid": "IUmuUuQBAm5cZdt0", "label": "shelf", "modelId": "custom.abandon", "children": [], "objectId": 6, "segments": {"obb": {"centroid": [24.766743524243015, 112.5511015061821, -78.69392891953734], "axesLengths": [87.03227319700407, 179.39314798820493, 32.80913647895171], "normalizedAxes": [0.9766964664967783, 0, 0.2146252835355321, 0, 1, 0, -0.2146252835355321, 0, 0.9766964664967783]}, "partId": 6, "fixScale": true, "segments": [408058], "fixRotate": true, "obbAligned": {"centroid": [-0.9786492248605041, 0.2376025949256577, 0.359890008573021], "axesLengths": [0.32809136478951706, 0.8703227319700407, 1.7939314798820494], "normalizedAxes": [0.9766964664967783, -0.2146252835355321, 0, 0.2146252835355321, 0.9766964664967783, 0, 0, 0, 1]}, "fixPosition": true, "dominantNormal": [-0.2146252835355321, 0, 0.9766964664967783]}, "hierarchy": 1, "isInGroup": false, "labelType": "category", "attributes": {"tags": ["regular_shape", "current_scanning"], "attributes": {"occlusion": "50%~100%", "incompleteness": "0~20%"}}}, {"uid": "ZFqzQTkNMmuHFnYJ", "label": "shelf", "modelId": "custom.abandon", "children": [], "objectId": 6, "segments": {"obb": {"centroid": [53.958422414831, 111.76742268863238, 134.617690374388], "axesLengths": [86.53590912692881, 177.8743150560096, 36.524591286893326], "normalizedAxes": [-0.20834657716681115, 0, 0.9780550617336806, 0, 1, 0, -0.9780550617336806, 0, -0.20834657716681115]}, "partId": 6, "fixScale": true, "segments": [686434, 629657, 631153, 647253, 637618, 633888, 616110, 614915, 614237, 614471, 615277, 614419, 615244, 628233, 635228, 625272, 625222, 625417, 624467, 686766, 620958, 687641, 620925, 686962, 685381, 686133, 686138, 689023, 629970, 635008, 628826, 634049, 628510, 629655, 631080, 634173, 632262, 619425, 620103, 619457, 688008, 688003, 615777, 610531, 610107, 616349, 620332, 633130, 614188, 687737, 614056, 686657, 618447, 618673, 618943, 687868, 687906, 638798, 642911, 684614, 683613, 684701, 684669, 684505, 684678, 688613, 642765, 637825, 633902, 633976, 638108, 637598, 684292, 749502, 611747, 749120, 749525, 605723, 610940, 612217, 627140, 610605, 622186, 616898, 617140, 622965, 750208, 627854, 611034, 609889, 609583, 686910, 647013, 641076, 640958, 641122, 682938, 651629, 651770, 642183, 686621, 687147, 641751, 641835, 688498, 642464, 688901, 688749, 650461, 604166, 605273, 688367, 688440, 609898, 627173, 622003, 624669, 626366, 620240, 626191, 631753], "fixRotate": true, "obbAligned": {"centroid": [1.1544669680787494, 0.5295193838315375, 0.35205322039752374], "axesLengths": [0.36524591286893326, 0.8653590912692881, 1.7787431505600961], "normalizedAxes": [-0.20834657716681115, -0.9780550617336806, 0, 0.9780550617336806, -0.20834657716681115, 0, 0, 0, 1]}, "fixPosition": true, "dominantNormal": [-0.9780550617336806, 0, -0.20834657716681115]}, "hierarchy": 1, "isInGroup": false, "labelType": "category", "attributes": {"tags": ["regular_shape", "current_scanning"], "attributes": {"occlusion": "50%~100%", "incompleteness": "0~20%"}}}, {"uid": "DLvpsWa0bvkOQqkW", "label": "table", "modelId": "custom.abandon", "children": [], "objectId": 6, "segments": {"obb": {"centroid": [-225.03456351235207, 46.138247281400325, -13.915097521424237], "axesLengths": [41.584851650881866, 45.97372674924541, 40.717492788583144], "normalizedAxes": [0.68347997049181, 0, -0.729969266432851, 0, 1, 0, 0.729969266432851, 0, 0.68347997049181]}, "partId": 6, "fixScale": true, "segments": [187681, 188390, 200570, 192102, 192100, 187989, 188119, 192114, 188069, 185816, 185389, 185894, 193434, 185317, 183796, 185090, 185017, 191363, 200434, 191576, 191540, 191570, 191244, 200397, 200321, 192427, 188770, 200520, 188677, 203430, 188229, 188448, 188546, 188507, 188571, 188554, 188562, 188528, 192283, 192313, 192305], "fixRotate": true, "obbAligned": {"centroid": [-0.33086091087937297, -2.260410475440293, -0.3042385336747968], "axesLengths": [0.40717492788583143, 0.41584851650881866, 0.4597372674924541], "normalizedAxes": [0.68347997049181, 0.729969266432851, 0, -0.729969266432851, 0.68347997049181, 0, 0, 0, 1]}, "fixPosition": true, "dominantNormal": [0.729969266432851, 0, 0.68347997049181]}, "hierarchy": 1, "isInGroup": false, "labelType": "category", "attributes": {"tags": ["double_surface", "current_scanning"], "attributes": {"occlusion": "0~20%", "orientation": "3", "incompleteness": "0~20%"}}}, {"uid": "h3VlxZvbZsBTUrdE", "label": "sofa", "modelId": "custom.abandon", "children": [], "objectId": 6, "segments": {"obb": {"centroid": [-136.40632336246142, 57.73090973011372, 88.94385050312376], "axesLengths": [207.69488775252748, 68.0482565870817, 94.71865887764636], "normalizedAxes": [-0.9796544044059776, 0, -0.2006919229265831, 0, 1, 0, 0.2006919229265831, 0, -0.9796544044059776]}, "partId": 6, "fixScale": true, "segments": [28617, 24435, 163801, 163750, 156404, 153789, 26147, 26350, 26598, 24217, 24200, 168817, 49848, 35921, 19313, 26921, 156178, 164888, 164921, 161737, 162615, 163602, 167269, 15054, 29154, 174494, 167178, 163753, 174995, 163550, 154234, 155610, 155862, 155041, 156041, 148181, 150635, 151560, 147444, 148500, 148509, 151406, 151481, 150445, 151238, 145744, 143162, 199583, 752019, 147446, 152040, 154762, 151853, 154869, 154756, 153775, 153733, 150522, 149931, 153127, 27958, 28034, 27940, 25719, 25410, 25083, 25940, 25982, 26214, 31089, 34371, 31145, 31086, 26674, 26641, 31232, 23295, 31301, 35075, 35053, 34878, 34392, 35022, 31422, 34757, 31368, 27022, 13519, 13672, 16514, 38882, 16239, 13839, 13927, 7880, 11424, 7790, 162025, 155250, 155381, 154367, 165438, 163497, 161641, 161188, 160638, 167405, 161431, 752713, 207938, 160453, 239338, 161600, 168577, 43352, 43578, 160976, 160922, 207941, 161724, 55555, 43083, 165807, 43058, 160544, 42873, 162334, 169666, 38810, 29742, 32889, 29591, 29477, 29625, 55368, 55676, 38758, 32859, 42895, 35658, 29702, 29384, 32496, 33396, 38233, 153421, 154572, 36890, 153380, 46269, 32722, 61701, 55416, 58237, 55471, 55378, 49746, 55149, 149844, 145285, 143674, 143251, 52298, 42207, 55272, 42292, 32681, 38584], "fixRotate": true, "obbAligned": {"centroid": [0.6977285693661069, -1.3741280739413868, -0.18831190918766283], "axesLengths": [0.9471865887764637, 2.076948877525275, 0.680482565870817], "normalizedAxes": [-0.9796544044059776, 0.2006919229265831, 0, -0.2006919229265831, -0.9796544044059776, 0, 0, 0, 1]}, "fixPosition": true, "dominantNormal": [0, 1, 0]}, "hierarchy": 1, "isInGroup": false, "labelType": "category", "attributes": {"tags": ["double_surface", "regular_shape", "current_scanning"], "attributes": {"occlusion": "20%~50%", "incompleteness": "20%~50%"}}}], "stats": {"labelCount": 5, "totalSegments": 12192, "totalVertices": 753963, "percentComplete": 6.49779896360962, "annotatedSegments": 358, "annotatedVertices": 48991, "unannotatedSegments": 11834, "unannotatedVertices": 704972}, "confirm": false, "skipped": false, "attributes": {"tags": [], "attributes": {}}, "mesh_quality": [], "relabel_reason": "", "skipped_reason": "", "label_version": "LO_v1.5.2"}