{"data": [{"uid": "tkdVaWUNNDJdTp2K", "label": "cabinet", "modelId": "custom.abandon", "children": [], "objectId": 29, "segments": {"obb": {"centroid": [-83.35309028431953, 94.68464046615208, -191.91631313206022], "axesLengths": [112.53292935594355, 85.39055815226243, 59.774911256343934], "normalizedAxes": [0.9183142593643001, 0, 0.39585214543841624, 0, 1, 0, -0.39585214543841624, 0, 0.9183142593643001]}, "partId": 29, "fixScale": true, "segments": [22781, 422831], "fixRotate": true, "obbAligned": {"centroid": [-1.3589132066608733, 0.37396907808331825, -0.628153643022195], "axesLengths": [0.5977491125634393, 1.1253292935594355, 0.8539055815226243], "normalizedAxes": [0.9183142593643001, -0.39585214543841624, 0, 0.39585214543841624, 0.9183142593643001, 0, 0, 0, 1]}, "fixPosition": true, "dominantNormal": [-0.39585214543841624, 0, 0.9183142593643001]}, "hierarchy": 1, "isInGroup": false, "labelType": "category", "attributes": {"tags": ["double_surface", "regular_shape", "current_scanning"], "attributes": {"occlusion": "0~20%", "incompleteness": "0~20%"}}}, {"uid": "Lxlxh6PBAVausyg1", "label": "dishwasher", "modelId": "custom.abandon", "children": [], "objectId": 29, "segments": {"obb": {"centroid": [-162.86624152746248, 95.27779386320027, -226.19156388549652], "axesLengths": [60.60669943301867, 86.57686494635882, 59.77491125634395], "normalizedAxes": [0.9183142593643001, 0, 0.39585214543841607, 0, 1, 0, -0.39585214543841607, 0, 0.9183142593643001]}, "partId": 29, "fixScale": true, "segments": [83696], "fixRotate": true, "obbAligned": {"centroid": [-1.701665714195236, -0.42116243434811107, -0.622222109051713], "axesLengths": [0.5977491125634395, 0.6060669943301867, 0.8657686494635882], "normalizedAxes": [0.9183142593643001, -0.39585214543841607, 0, 0.39585214543841607, 0.9183142593643001, 0, 0, 0, 1]}, "fixPosition": true, "dominantNormal": [-0.39585214543841607, 0, 0.9183142593643001]}, "hierarchy": 1, "isInGroup": false, "labelType": "category", "attributes": {"tags": ["double_surface", "current_scanning"], "attributes": {"occlusion": "0~20%", "incompleteness": "0~20%"}}}, {"uid": "SdnOW1Pjt7kzLgtU", "label": "stove", "modelId": "custom.abandon", "children": [], "objectId": 29, "segments": {"obb": {"centroid": [-106.78161209359695, 138.21978888072684, -203.7368702562821], "axesLengths": [60.14505225356833, 1.7635861130531476, 52.875417960794906], "normalizedAxes": [0.9183142593642997, 0, 0.395852145438417, 0, 1, 0, -0.395852145438417, 0, 0.9183142593642997]}, "partId": 29, "fixScale": true, "segments": [36656, 36436, 35596], "fixRotate": true, "obbAligned": {"centroid": [-1.477118777903092, 0.1396838599905441, -0.19280215887644747], "axesLengths": [0.528754179607949, 0.6014505225356833, 0.017635861130531477], "normalizedAxes": [0.9183142593642997, -0.395852145438417, 0, 0.395852145438417, 0.9183142593642997, 0, 0, 0, 1]}, "fixPosition": true, "dominantNormal": [0, 1, 0]}, "hierarchy": 1, "isInGroup": false, "labelType": "category", "attributes": {"tags": ["with_pots", "regular_shape", "current_scanning"], "attributes": {"occlusion": "50%~100%", "incompleteness": "50%~100%"}}}, {"uid": "vbPEPDwP1QghvYWv", "label": "cabinet", "modelId": "custom.abandon", "children": [], "objectId": 29, "segments": {"obb": {"centroid": [-285.56490585348257, 92.64412924115729, -166.6258997745557], "axesLengths": [60.343124583442986, 81.30953570227283, 59.581666253603046], "normalizedAxes": [0.3953675880867169, 0, -0.9185229829952499, 0, 1, 0, 0.9185229829952499, 0, 0.3953675880867169]}, "partId": 29, "fixScale": true, "segments": [168026], "fixRotate": true, "obbAligned": {"centroid": [-1.106009073085828, -1.6481490776083123, -0.6485587552721429], "axesLengths": [0.5958166625360305, 0.6034312458344299, 0.8130953570227283], "normalizedAxes": [0.3953675880867169, 0.9185229829952499, 0, -0.9185229829952499, 0.3953675880867169, 0, 0, 0, 1]}, "fixPosition": true, "dominantNormal": [0.9185229829952499, 0, 0.3953675880867169]}, "hierarchy": 1, "isInGroup": false, "labelType": "category", "attributes": {"tags": ["regular_shape", "current_scanning"], "attributes": {"occlusion": "0~20%", "incompleteness": "0~20%"}}}, {"uid": "5cqnPicI6HNfk70P", "label": "cabinet", "modelId": "custom.abandon", "children": [], "objectId": 29, "segments": {"obb": {"centroid": [-271.013105735972, 95.0093844650864, -201.39676597547006], "axesLengths": [14.970947752097958, 86.04004615013108, 58.81944494629291], "normalizedAxes": [0.3953675880867169, 0, -0.9185229829952499, 0, 1, 0, 0.9185229829952499, 0, 0.3953675880867169]}, "partId": 29, "fixScale": true, "segments": [143784, 129767, 143661, 143403], "fixRotate": true, "obbAligned": {"centroid": [-1.4537177350949717, -1.502631076433206, -0.6249062030328518], "axesLengths": [0.5881944494629291, 0.14970947752097957, 0.8604004615013108], "normalizedAxes": [0.3953675880867169, 0.9185229829952499, 0, -0.9185229829952499, 0.3953675880867169, 0, 0, 0, 1]}, "fixPosition": true, "dominantNormal": [0.3953675880867169, 0, -0.9185229829952499]}, "hierarchy": 1, "isInGroup": false, "labelType": "category", "attributes": {"tags": ["regular_shape", "current_scanning"], "attributes": {"occlusion": "20%~50%", "incompleteness": "20%~50%"}}}, {"uid": "rlFgVLjVmTdzR6fm", "label": "refrigerator", "modelId": "custom.abandon", "children": [], "objectId": 29, "segments": {"obb": {"centroid": [-305.8385167856722, 151.31439715980952, -112.38974366984777], "axesLengths": [55.23043505489371, 198.65007153957728, 65.22454752698921], "normalizedAxes": [0.3953675880867169, 0, -0.9185229829952499, 0, 1, 0, 0.9185229829952499, 0, 0.3953675880867169]}, "partId": 29, "fixScale": true, "segments": [170630], "fixRotate": true, "obbAligned": {"centroid": [-0.5636475120387487, -1.8508851869302085, -0.061856076085620604], "axesLengths": [0.6522454752698922, 0.5523043505489371, 1.9865007153957728], "normalizedAxes": [0.3953675880867169, 0.9185229829952499, 0, -0.9185229829952499, 0.3953675880867169, 0, 0, 0, 1]}, "fixPosition": true, "dominantNormal": [0.3953675880867169, 0, -0.9185229829952499]}, "hierarchy": 1, "isInGroup": false, "labelType": "category", "attributes": {"tags": ["regular_shape", "current_scanning"], "attributes": {"occlusion": "0~20%", "incompleteness": "0~20%"}}}, {"uid": "oAbOoK37vKBaUakE", "label": "cabinet", "modelId": "custom.abandon", "children": [], "objectId": 29, "segments": {"obb": {"centroid": [-297.0052602573272, 276.2909973863286, -140.8072724120997], "axesLengths": [117.4063994180284, 41.8012035679628, 58.98090620252632], "normalizedAxes": [0.3953675880867169, 0, -0.9185229829952499, 0, 1, 0, 0.9185229829952499, 0, 0.3953675880867169]}, "partId": 29, "fixScale": true, "segments": [173792], "fixRotate": true, "obbAligned": {"centroid": [-0.8478227994612682, -1.7625526216467584, 1.1879099261795707], "axesLengths": [0.5898090620252632, 1.174063994180284, 0.418012035679628], "normalizedAxes": [0.3953675880867169, 0.9185229829952499, 0, -0.9185229829952499, 0.3953675880867169, 0, 0, 0, 1]}, "fixPosition": true, "dominantNormal": [0, 1, 0]}, "hierarchy": 1, "isInGroup": false, "labelType": "category", "attributes": {"tags": ["regular_shape", "current_scanning"], "attributes": {"occlusion": "0~20%", "incompleteness": "0~20%"}}}, {"uid": "s2U16mVGvvIeqGjM", "label": "cabinet", "modelId": "custom.abandon", "children": [], "objectId": 29, "segments": {"obb": {"centroid": [-286.1404657165283, 223.61758530449592, -167.01560411730594], "axesLengths": [60.603913944517515, 63.52228894736659, 58.21618339688824], "normalizedAxes": [0.39536758808671646, 0, -0.9185229829952501, 0, 1, 0, 0.9185229829952501, 0, 0.39536758808671646]}, "partId": 29, "fixScale": true, "segments": [173792], "fixRotate": true, "obbAligned": {"centroid": [-1.1099061165133304, -1.6539046762387692, 0.6611758053612435], "axesLengths": [0.5821618339688824, 0.6060391394451752, 0.6352228894736659], "normalizedAxes": [0.39536758808671646, 0.9185229829952501, 0, -0.9185229829952501, 0.39536758808671646, 0, 0, 0, 1]}, "fixPosition": true, "dominantNormal": [0.9185229829952501, 0, 0.39536758808671646]}, "hierarchy": 1, "isInGroup": false, "labelType": "category", "attributes": {"tags": ["regular_shape", "current_scanning"], "attributes": {"occlusion": "0~20%", "incompleteness": "20%~50%"}}}, {"uid": "WJRtOEthY5jsZnqQ", "label": "oven", "modelId": "custom.abandon", "children": [], "objectId": 29, "segments": {"obb": {"centroid": [-286.3213801233759, 162.56663093925056, -166.85487686883235], "axesLengths": [60.16559521571332, 58.54854429442861, 58.01092800473737], "normalizedAxes": [0.3953675880867169, 0, -0.9185229829952499, 0, 1, 0, 0.9185229829952499, 0, 0.3953675880867169]}, "partId": 29, "fixScale": true, "segments": [168123], "fixRotate": true, "obbAligned": {"centroid": [-1.1082988440285946, -1.6557138203072452, 0.05066626170878985], "axesLengths": [0.5801092800473737, 0.6016559521571332, 0.5854854429442861], "normalizedAxes": [0.3953675880867169, 0.9185229829952499, 0, -0.9185229829952499, 0.3953675880867169, 0, 0, 0, 1]}, "fixPosition": true, "dominantNormal": [0.9185229829952499, 0, 0.3953675880867169]}, "hierarchy": 1, "isInGroup": false, "labelType": "category", "attributes": {"tags": ["double_surface", "regular_shape", "current_scanning"], "attributes": {"occlusion": "0~20%", "incompleteness": "50%~100%"}}}, {"uid": "Xr7gciKqHFmaUEKH", "label": "cabinet", "modelId": "custom.abandon", "children": [], "objectId": 29, "segments": {"obb": {"centroid": [-235.9055985370294, 95.28496601715335, -241.8416233422749], "axesLengths": [41.05455529507246, 86.59120925426498, 83.52383785606176], "normalizedAxes": [0.9375770726411694, 0, -0.34777756232628826, 0, 1, 0, 0.34777756232628826, 0, 0.9375770726411694]}, "partId": 29, "fixScale": true, "segments": [141428, 123362, 141121], "fixRotate": true, "obbAligned": {"centroid": [-1.8581663087630198, -1.1515560044437803, -0.6221503875121823], "axesLengths": [0.8352383785606177, 0.41054555295072465, 0.8659120925426498], "normalizedAxes": [0.9375770726411694, 0.34777756232628826, 0, -0.34777756232628826, 0.9375770726411694, 0, 0, 0, 1]}, "fixPosition": true, "dominantNormal": [0.9375770726411694, 0, -0.34777756232628826]}, "hierarchy": 1, "isInGroup": false, "labelType": "category", "attributes": {"tags": ["double_surface", "regular_shape", "current_scanning"], "attributes": {"occlusion": "0~20%", "incompleteness": "0~20%"}}}, {"uid": "Qm7l4xWqdVXze6C6", "label": "sink", "modelId": "custom.abandon", "children": [], "objectId": 29, "segments": {"obb": {"centroid": [-231.45106558595248, 130.11223728318274, -234.39401979899418], "axesLengths": [39.737781124123124, 16.936666722206226, 45.69367736858473], "normalizedAxes": [0.9375770726411694, 0, -0.34777756232628826, 0, 1, 0, 0.34777756232628826, 0, 0.9375770726411694]}, "partId": 29, "fixScale": true, "segments": [130884], "fixRotate": true, "obbAligned": {"centroid": [-1.7836902733302127, -1.107010674933011, -0.2738776748518885], "axesLengths": [0.4569367736858473, 0.3973778112412312, 0.16936666722206226], "normalizedAxes": [0.9375770726411694, 0.34777756232628826, 0, -0.34777756232628826, 0.9375770726411694, 0, 0, 0, 1]}, "fixPosition": true, "dominantNormal": [0, 1, 0]}, "hierarchy": 1, "isInGroup": false, "labelType": "category", "attributes": {"tags": ["with_stuff", "regular_shape", "current_scanning"], "attributes": {"occlusion": "50%~100%", "incompleteness": "20%~50%"}}}, {"uid": "y1e8Fe56YfqcXI5e", "label": "sink", "modelId": "custom.abandon", "children": [], "objectId": 29, "segments": {"obb": {"centroid": [-199.4634407563546, 130.11223728318274, -240.84650192540872], "axesLengths": [24.736568250687316, 16.936666722206226, 35.54391959960039], "normalizedAxes": [0.9375770726411694, 0, -0.34777756232628826, 0, 1, 0, 0.34777756232628826, 0, 0.9375770726411694]}, "partId": 29, "fixScale": true, "segments": [121290], "fixRotate": true, "obbAligned": {"centroid": [-1.8482150945943583, -0.7871344266370324, -0.2738776748518885], "axesLengths": [0.35543919599600393, 0.24736568250687316, 0.16936666722206226], "normalizedAxes": [0.9375770726411694, 0.34777756232628826, 0, -0.34777756232628826, 0.9375770726411694, 0, 0, 0, 1]}, "fixPosition": true, "dominantNormal": [0, 1, 0]}, "hierarchy": 1, "isInGroup": false, "labelType": "category", "attributes": {"tags": ["regular_shape", "current_scanning"], "attributes": {"occlusion": "0~20%", "incompleteness": "50%~100%"}}}, {"uid": "2SByIf1mP7BrNto0", "label": "cabinet", "modelId": "custom.abandon", "children": [], "objectId": 29, "segments": {"obb": {"centroid": [-276.50556170417616, 240.899488360815, -219.99275379395363], "axesLengths": [44.25126284087748, 112.58422161899007, 34.02504916275538], "normalizedAxes": [0.3953675880867169, 0, -0.9185229829952499, 0, 1, 0, 0.9185229829952499, 0, 0.3953675880867169]}, "partId": 29, "fixScale": true, "segments": [159810], "fixRotate": true, "obbAligned": {"centroid": [-1.6396776132798072, -1.5575556361152478, 0.8339948359244342], "axesLengths": [0.34025049162755383, 0.4425126284087748, 1.1258422161899007], "normalizedAxes": [0.3953675880867169, 0.9185229829952499, 0, -0.9185229829952499, 0.3953675880867169, 0, 0, 0, 1]}, "fixPosition": true, "dominantNormal": [0.9185229829952499, 0, 0.3953675880867169]}, "hierarchy": 1, "isInGroup": false, "labelType": "category", "attributes": {"tags": ["regular_shape", "current_scanning"], "attributes": {"occlusion": "0~20%", "incompleteness": "20%~50%"}}}, {"uid": "CCo0xeUu6vOrEwqO", "label": "cabinet", "modelId": "custom.abandon", "children": [], "objectId": 29, "segments": {"obb": {"centroid": [-170.78653242234844, 240.33794471014392, -243.42517344681482], "axesLengths": [89.5562275783253, 113.7582333199199, 34.39370074186654], "normalizedAxes": [0.9183142593643001, 0, 0.39585214543841624, 0, 1, 0, -0.39585214543841624, 0, 0.9183142593643001]}, "partId": 29, "fixScale": true, "segments": [77293], "fixRotate": true, "obbAligned": {"centroid": [-1.8740018098084192, -0.5003653432969708, 0.8283793994177233], "axesLengths": [0.3439370074186654, 0.8955622757832531, 1.137582333199199], "normalizedAxes": [0.9183142593643001, -0.39585214543841624, 0, 0.39585214543841624, 0.9183142593643001, 0, 0, 0, 1]}, "fixPosition": true, "dominantNormal": [-0.39585214543841624, 0, 0.9183142593643001]}, "hierarchy": 1, "isInGroup": false, "labelType": "category", "attributes": {"tags": ["regular_shape", "current_scanning"], "attributes": {"occlusion": "0~20%", "incompleteness": "20%~50%"}}}, {"uid": "TeOCO0TY7kwpSwB5", "label": "cabinet", "modelId": "custom.abandon", "children": [], "objectId": 29, "segments": {"obb": {"centroid": [-79.47128612475068, 276.57639437763294, -202.31585894521916], "axesLengths": [110.78436015836172, 41.281333984941895, 37.60156782459743], "normalizedAxes": [0.9183142593643001, 0, 0.39585214543841624, 0, 1, 0, -0.39585214543841624, 0, 0.9183142593643001]}, "partId": 29, "fixScale": true, "segments": [67645, 67538], "fixRotate": true, "obbAligned": {"centroid": [-1.4629086647924625, 0.41278711967900694, 1.1907638960926135], "axesLengths": [0.3760156782459743, 1.1078436015836173, 0.412813339849419], "normalizedAxes": [0.9183142593643001, -0.39585214543841624, 0, 0.39585214543841624, 0.9183142593643001, 0, 0, 0, 1]}, "fixPosition": true, "dominantNormal": [-0.39585214543841624, 0, 0.9183142593643001]}, "hierarchy": 1, "isInGroup": false, "labelType": "category", "attributes": {"tags": ["double_surface", "regular_shape", "current_scanning"], "attributes": {"occlusion": "0~20%", "incompleteness": "0~20%"}}}, {"uid": "kTeDgpxIw3NVQIxX", "label": "cabinet", "modelId": "custom.abandon", "children": [], "objectId": 29, "segments": {"obb": {"centroid": [-102.92839276047651, 238.09816613153401, -213.38153597531888], "axesLengths": [58.771334638666495, 35.67170964622237, 35.84912178713579], "normalizedAxes": [0.9183142593643001, 0, 0.39585214543841624, 0, 1, 0, -0.39585214543841624, 0, 0.9183142593643001]}, "partId": 29, "fixScale": true, "segments": [65503, 65569, 65580], "fixRotate": true, "obbAligned": {"centroid": [-1.5735654350934598, 0.1782160533217485, 0.8059816136316242], "axesLengths": [0.35849121787135796, 0.587713346386665, 0.35671709646222366], "normalizedAxes": [0.9183142593643001, -0.39585214543841624, 0, 0.39585214543841624, 0.9183142593643001, 0, 0, 0, 1]}, "fixPosition": true, "dominantNormal": [0, 1, 0]}, "hierarchy": 1, "isInGroup": false, "labelType": "category", "attributes": {"tags": ["regular_shape", "current_scanning"], "attributes": {"occlusion": "0~20%", "incompleteness": "0~20%"}}}, {"uid": "5FfY0OLk4HWWVTTr", "label": "cabinet", "modelId": "custom.abandon", "children": [], "objectId": 29, "segments": {"obb": {"centroid": [-52.10480466973567, 219.61800737948312, -191.43739579990756], "axesLengths": [51.909773910535165, 73.19469131185214, 35.91510268307804], "normalizedAxes": [0.9183142593643001, 0, 0.39585214543841624, 0, 1, 0, -0.39585214543841624, 0, 0.9183142593643001]}, "partId": 29, "fixScale": true, "segments": [62016, 61821], "fixRotate": true, "obbAligned": {"centroid": [-1.3541240333393467, 0.686451934229157, 0.6211800261111153], "axesLengths": [0.35915102683078043, 0.5190977391053516, 0.7319469131185214], "normalizedAxes": [0.9183142593643001, -0.39585214543841624, 0, 0.39585214543841624, 0.9183142593643001, 0, 0, 0, 1]}, "fixPosition": true, "dominantNormal": [-0.39585214543841624, 0, 0.9183142593643001]}, "hierarchy": 1, "isInGroup": false, "labelType": "category", "attributes": {"tags": ["regular_shape", "current_scanning"], "attributes": {"occlusion": "0~20%", "incompleteness": "20%~50%"}}}, {"uid": "X7Y7PUpxlfGlei5c", "label": "cabinet", "modelId": "custom.abandon", "children": [], "objectId": 29, "segments": {"obb": {"centroid": [-243.31332065833075, 240.84460351994602, -261.56395988873413], "axesLengths": [36.80071095987954, 112.74491570031569, 45.595578122358276], "normalizedAxes": [0.9387057596736544, 0, -0.34471944644233143, 0, 1, 0, 0.34471944644233143, 0, 0.9387057596736544]}, "partId": 29, "fixScale": true, "segments": [135703], "fixRotate": true, "obbAligned": {"centroid": [-2.0553896742276123, -1.225633225656794, 0.8334459875157445], "axesLengths": [0.45595578122358277, 0.3680071095987954, 1.1274491570031568], "normalizedAxes": [0.9387057596736544, 0.34471944644233143, 0, -0.34471944644233143, 0.9387057596736544, 0, 0, 0, 1]}, "fixPosition": true, "dominantNormal": [0.9387057596736544, 0, -0.34471944644233143]}, "hierarchy": 1, "isInGroup": false, "labelType": "category", "attributes": {"tags": ["regular_shape", "current_scanning"], "attributes": {"occlusion": "0~20%", "incompleteness": "20%~50%"}}}, {"uid": "9XyFZXcZYEBIf6bM", "label": "table", "modelId": "custom.abandon", "children": [], "objectId": 29, "segments": {"obb": {"centroid": [-79.6752990438742, 94.7037722176002, -107.88658155954904], "axesLengths": [91.26089838104289, 85.42882165515866, 42.93509290599154], "normalizedAxes": [-0.39748691304775585, 0, 0.9176078432292121, 0, 1, 0, -0.9176078432292121, 0, -0.39748691304775585]}, "partId": 29, "fixScale": true, "segments": [33751], "fixRotate": true, "obbAligned": {"centroid": [-0.5186158909357614, 0.41074699048777163, -0.6279623255077138], "axesLengths": [0.4293509290599154, 0.912608983810429, 0.8542882165515866], "normalizedAxes": [-0.39748691304775585, -0.9176078432292121, 0, 0.9176078432292121, -0.39748691304775585, 0, 0, 0, 1]}, "fixPosition": true, "dominantNormal": [-0.9176078432292121, 0, -0.39748691304775585]}, "hierarchy": 1, "isInGroup": false, "labelType": "category", "attributes": {"tags": ["regular_shape", "current_scanning"], "attributes": {"occlusion": "0~20%", "orientation": "opposite", "incompleteness": "0~20%"}}}, {"uid": "tisFloPaztLttt6o", "label": "stool", "modelId": "custom.abandon", "children": [], "objectId": 29, "segments": {"obb": {"centroid": [-122.46874324650011, 94.45947710925883, -126.57240789665049], "axesLengths": [34.105956873370275, 84.94023143847606, 33.75434731716092], "normalizedAxes": [0.38000846469465144, 0, -0.9249830089036307, 0, 1, 0, 0.9249830089036307, 0, 0.38000846469465144]}, "partId": 29, "fixScale": true, "segments": [40308], "fixRotate": true, "obbAligned": {"centroid": [-0.705474154306776, -0.017187451538487553, -0.6304052765911276], "axesLengths": [0.3375434731716092, 0.34105956873370274, 0.8494023143847607], "normalizedAxes": [0.38000846469465144, 0.9249830089036307, 0, -0.9249830089036307, 0.38000846469465144, 0, 0, 0, 1]}, "fixPosition": true, "dominantNormal": [0.9249830089036307, 0, 0.38000846469465144]}, "hierarchy": 1, "isInGroup": false, "labelType": "category", "attributes": {"tags": ["double_surface", "regular_shape", "current_scanning"], "attributes": {"occlusion": "0~20%", "incompleteness": "0~20%"}}}, {"uid": "IhGAFq78wNR1X5ed", "label": "stool", "modelId": "custom.abandon", "children": [], "objectId": 29, "segments": {"obb": {"centroid": [-137.02031113751806, 94.25627863757491, -91.27114807586747], "axesLengths": [36.39438059157762, 84.533834495108, 33.747314782262364], "normalizedAxes": [0.4248520136211156, 0, -0.9052628162705478, 0, 1, 0, 0.9052628162705478, 0, 0.4248520136211156]}, "partId": 29, "fixScale": true, "segments": [24638], "fixRotate": true, "obbAligned": {"centroid": [-0.3524615560989457, -0.16270313044866702, -0.6324372613079667], "axesLengths": [0.33747314782262366, 0.36394380591577624, 0.84533834495108], "normalizedAxes": [0.4248520136211156, 0.9052628162705478, 0, -0.9052628162705478, 0.4248520136211156, 0, 0, 0, 1]}, "fixPosition": true, "dominantNormal": [0.9052628162705478, 0, 0.4248520136211156]}, "hierarchy": 1, "isInGroup": false, "labelType": "category", "attributes": {"tags": ["double_surface", "regular_shape", "current_scanning"], "attributes": {"occlusion": "0~20%", "incompleteness": "0~20%"}}}, {"uid": "0zsS2qxRp5vtsdb1", "label": "sofa", "modelId": "custom.abandon", "children": [], "objectId": 29, "segments": {"obb": {"centroid": [148.2736361486296, 91.38034138807436, 190.37622234405865], "axesLengths": [204.82391018250786, 88.51284323265872, 105.77483368594282], "normalizedAxes": [0.8857913983761388, 0, 0.46408361160769784, 0, 1, 0, -0.46408361160769784, 0, 0.8857913983761388]}, "partId": 29, "fixScale": true, "segments": [436538, 436941, 437021, 439098], "fixRotate": true, "obbAligned": {"centroid": [2.4640121481003154, 2.6902363424128097, -0.6611966338029722], "axesLengths": [1.0577483368594283, 2.0482391018250787, 0.8851284323265872], "normalizedAxes": [0.8857913983761388, -0.46408361160769784, 0, 0.46408361160769784, 0.8857913983761388, 0, 0, 0, 1]}, "fixPosition": true, "dominantNormal": [0, 1, 0]}, "hierarchy": 1, "isInGroup": false, "labelType": "category", "attributes": {"tags": ["double_surface"], "attributes": {"occlusion": "0~20%", "incompleteness": "50%~100%"}}}], "stats": {"labelCount": 28, "totalSegments": 9980, "totalVertices": 446022, "percentComplete": 8.923999264610266, "annotatedSegments": 48, "annotatedVertices": 39803, "unannotatedSegments": 9932, "unannotatedVertices": 406219}, "confirm": false, "skipped": false, "attributes": {"tags": [], "attributes": {}}, "mesh_quality": [], "relabel_reason": "", "skipped_reason": "", "label_version": "LO_v1.5.2"}