0.999988 0.00108733 -0.0047455 0.00434389
-0.00110637 0.999991 -0.00401328 0.00177859
0.0047411 0.00401848 0.999981 0.00195874
0 0 0 1