{"data": [{"uid": "l6R5AIFrUnCxNvmN", "label": "shelf", "modelId": "custom.abandon", "children": [], "objectId": 17, "segments": {"obb": {"centroid": [97.12227111777057, 122.03122158439666, 185.04232929780102], "axesLengths": [86.65935592106618, 198.7193846888543, 26.866580423443974], "normalizedAxes": [-0.8466659139053105, 0, -0.5321248257983138, 0, 1, 0, 0.5321248257983138, 0, -0.8466659139053105]}, "partId": 17, "fixScale": true, "segments": [147500], "fixRotate": true, "obbAligned": {"centroid": [1.6464232967927075, -0.21643226089871037, -0.09968783660812086], "axesLengths": [0.26866580423443975, 0.8665935592106618, 1.987193846888543], "normalizedAxes": [-0.8466659139053105, 0.5321248257983138, 0, -0.5321248257983138, -0.8466659139053105, 0, 0, 0, 1]}, "fixPosition": true, "dominantNormal": [0.5321248257983138, 0, -0.8466659139053105]}, "hierarchy": 1, "isInGroup": false, "labelType": "category", "attributes": {"tags": ["double_surface", "regular_shape", "current_scanning"], "attributes": {"occlusion": "50%~100%", "incompleteness": "20%~50%"}}}, {"uid": "3BOi1hZA68QsVjqt", "label": "chair", "modelId": "custom.abandon", "children": [], "objectId": 17, "segments": {"obb": {"centroid": [125.4159370906891, 60.6419540087113, 136.33516359628246], "axesLengths": [57.71249996359299, 75.94084953748347, 75.96430336098386], "normalizedAxes": [-0.999679736602199, 0, -0.025306604413833665, 0, 1, 0, 0.025306604413833665, 0, -0.999679736602199]}, "partId": 17, "fixScale": true, "segments": [36830], "fixRotate": true, "obbAligned": {"centroid": [1.1593516397775219, 0.06650439883047499, -0.7135805123649743], "axesLengths": [0.7596430336098386, 0.5771249996359299, 0.7594084953748348], "normalizedAxes": [-0.999679736602199, 0.025306604413833665, 0, -0.025306604413833665, -0.999679736602199, 0, 0, 0, 1]}, "fixPosition": true, "dominantNormal": [-0.999679736602199, 0, -0.025306604413833665]}, "hierarchy": 1, "isInGroup": false, "labelType": "category", "attributes": {"tags": ["double_surface", "regular_shape", "current_scanning"], "attributes": {"occlusion": "0~20%", "incompleteness": "0~20%"}}}, {"uid": "2XyaYhUbslvXOrQK", "label": "table", "modelId": "custom.abandon", "children": [], "objectId": 17, "segments": {"obb": {"centroid": [161.00533540679584, 54.18928775206508, 51.99040315391243], "axesLengths": [105.75956269063094, 63.3092127656886, 55.683715454285895], "normalizedAxes": [-0.8372532236625594, 0, -0.5468153614033282, 0, 1, 0, 0.5468153614033282, 0, -0.8372532236625594]}, "partId": 17, "fixScale": true, "segments": [3769], "fixRotate": true, "obbAligned": {"centroid": [0.3159040353538216, 0.42239838199154245, -0.7781071749314367], "axesLengths": [0.556837154542859, 1.0575956269063094, 0.633092127656886], "normalizedAxes": [-0.8372532236625594, 0.5468153614033282, 0, -0.5468153614033282, -0.8372532236625594, 0, 0, 0, 1]}, "fixPosition": true, "dominantNormal": [0.5468153614033282, 0, -0.8372532236625594]}, "hierarchy": 1, "isInGroup": false, "labelType": "category", "attributes": {"tags": ["double_surface", "regular_shape", "current_scanning"], "attributes": {"occlusion": "0~20%", "orientation": "opposite", "incompleteness": "0~20%"}}}, {"uid": "iRrl9LTqDJ94PLNo", "label": "chair", "modelId": "custom.abandon", "children": [], "objectId": 17, "segments": {"obb": {"centroid": [205.89675325685056, 61.27360089776971, -13.699566850840018], "axesLengths": [60.69177467622174, 76.51514572764312, 75.79069250821351], "normalizedAxes": [-0.39287301042676037, 0, 0.9195927346810732, 0, 1, 0, -0.9195927346810732, 0, -0.39287301042676037]}, "partId": 17, "fixScale": true, "segments": [976432], "fixRotate": true, "obbAligned": {"centroid": [-0.3409956646937029, 0.8713125604920897, -0.7072640434743903], "axesLengths": [0.7579069250821351, 0.6069177467622174, 0.7651514572764312], "normalizedAxes": [-0.39287301042676037, -0.9195927346810732, 0, 0.9195927346810732, -0.39287301042676037, 0, 0, 0, 1]}, "fixPosition": true, "dominantNormal": [-0.39287301042676037, 0, 0.9195927346810732]}, "hierarchy": 1, "isInGroup": false, "labelType": "category", "attributes": {"tags": ["double_surface", "regular_shape", "current_scanning"], "attributes": {"occlusion": "0~20%", "incompleteness": "0~20%"}}}, {"uid": "yOq3VSdHXesm41CK", "label": "tv_monitor", "modelId": "custom.abandon", "children": [], "objectId": 17, "segments": {"obb": {"centroid": [232.17162312099077, 173.3728337514198, -106.60412562008437], "axesLengths": [75.07484516012032, 41.50570228418436, 5.422168018997242], "normalizedAxes": [0.8153522149844403, -0.0007478826189476206, 0.5789647711144049, -0.04948793672537354, 0.9962493265850739, 0.07098044376764662, -0.5768463483793863, -0.08652583400565922, 0.8122570839401727]}, "partId": 17, "fixScale": true, "segments": [609090], "fixRotate": true, "obbAligned": {"centroid": [-1.2700412523861464, 1.134061259133492, 0.41372828506211046], "axesLengths": [0.05422168018997242, 0.7507484516012032, 0.4150570228418436], "normalizedAxes": [0.8122570839401727, -0.5768463483793863, -0.08652583400565922, 0.5789647711144049, 0.8153522149844403, -0.0007478826189476206, 0.07098044376764662, -0.04948793672537354, 0.9962493265850739]}, "fixPosition": true, "dominantNormal": [-0.5768463483793863, -0.08652583400565922, 0.8122570839401727]}, "hierarchy": 1, "isInGroup": false, "labelType": "category", "attributes": {"tags": ["double_surface", "regular_shape", "current_scanning"], "attributes": {"occlusion": "0~20%", "incompleteness": "0~20%"}}}, {"uid": "4BOp0tL6TwHlhLv7", "label": "shelf", "modelId": "custom.abandon", "children": [], "objectId": 17, "segments": {"obb": {"centroid": [89.09917730037442, 123.97600303568632, -222.2276817852004], "axesLengths": [59.681398010514734, 197.43580182264253, 11.13072152627322], "normalizedAxes": [0.8403464193833395, 0, 0.5420497167507796, 0, 1, 0, -0.5420497167507796, 0, 0.8403464193833395]}, "partId": 17, "fixScale": true, "segments": [635504], "fixRotate": true, "obbAligned": {"centroid": [-2.4262768140373066, -0.2966631990726718, -0.08024002209522418], "axesLengths": [0.1113072152627322, 0.5968139801051473, 1.9743580182264253], "normalizedAxes": [0.8403464193833395, -0.5420497167507796, 0, 0.5420497167507796, 0.8403464193833395, 0, 0, 0, 1]}, "fixPosition": true, "dominantNormal": [-0.5420497167507796, 0, 0.8403464193833395]}, "hierarchy": 1, "isInGroup": false, "labelType": "category", "attributes": {"tags": ["double_surface", "regular_shape", "current_scanning"], "attributes": {"occlusion": "50%~100%", "incompleteness": "0~20%"}}}, {"uid": "bhiLywnjWlxkFszN", "label": "cabinet", "modelId": "custom.abandon", "children": [], "objectId": 17, "segments": {"obb": {"centroid": [12.528773609663768, 107.09910133236008, -141.0688156641911], "axesLengths": [149.93257424240429, 168.00017257419927, 48.30265056913878], "normalizedAxes": [0.5359321060189235, 0, -0.8442610838704585, 0, 1, 0, 0.8442610838704585, 0, 0.5359321060189235]}, "partId": 17, "fixScale": true, "segments": [463018], "fixRotate": true, "obbAligned": {"centroid": [-1.614688152827214, -1.0623672359797784, -0.2490090391284865], "axesLengths": [0.4830265056913878, 1.499325742424043, 1.6800017257419928], "normalizedAxes": [0.5359321060189235, 0.8442610838704585, 0, -0.8442610838704585, 0.5359321060189235, 0, 0, 0, 1]}, "fixPosition": true, "dominantNormal": [0.8442610838704585, 0, 0.5359321060189235]}, "hierarchy": 1, "isInGroup": false, "labelType": "category", "attributes": {"tags": ["double_surface", "current_scanning"], "attributes": {"occlusion": "0~20%", "incompleteness": "50%~100%"}}}, {"uid": "Q7qsBFDKi668cZB1", "label": "table", "modelId": "custom.abandon", "children": [], "objectId": 17, "segments": {"obb": {"centroid": [-31.353513340595267, 48.776349918599855, -54.03352496900871], "axesLengths": [44.33939574506893, 61.99883220032171, 45.797581781140956], "normalizedAxes": [0.5342342617201024, 0, -0.8453364736034861, 0, 1, 0, 0.8453364736034861, 0, 0.5342342617201024]}, "partId": 17, "fixScale": true, "segments": [543578], "fixRotate": true, "obbAligned": {"centroid": [-0.7443352458753898, -1.5011901054823686, -0.8322365532660889], "axesLengths": [0.45797581781140956, 0.44339395745068927, 0.6199883220032171], "normalizedAxes": [0.5342342617201024, 0.8453364736034861, 0, -0.8453364736034861, 0.5342342617201024, 0, 0, 0, 1]}, "fixPosition": true, "dominantNormal": [0.5342342617201024, 0, -0.8453364736034861]}, "hierarchy": 1, "isInGroup": false, "labelType": "category", "attributes": {"tags": ["double_surface", "regular_shape", "current_scanning"], "attributes": {"occlusion": "50%~100%", "orientation": "adjacent", "incompleteness": "50%~100%"}}}, {"uid": "9e26bjL2lqrEMFJn", "label": "sofa", "modelId": "custom.abandon", "children": [], "objectId": 17, "segments": {"obb": {"centroid": [-55.26421329554183, 69.68640633369071, 41.280505712965365], "axesLengths": [81.29147118332945, 95.36897852719827, 85.7711528732036], "normalizedAxes": [-0.8596092934052935, 0, -0.5109519181794441, 0, 1, 0, 0.5109519181794441, 0, -0.8596092934052935]}, "partId": 17, "fixScale": true, "segments": [495838, 719880], "fixRotate": true, "obbAligned": {"centroid": [0.20880506094435092, -1.7402971050318343, -0.6231359891151803], "axesLengths": [0.857711528732036, 0.8129147118332946, 0.9536897852719827], "normalizedAxes": [-0.8596092934052935, 0.5109519181794441, 0, -0.5109519181794441, -0.8596092934052935, 0, 0, 0, 1]}, "fixPosition": true, "dominantNormal": [-0.8596092934052935, 0, -0.5109519181794441]}, "hierarchy": 1, "isInGroup": false, "labelType": "category", "attributes": {"tags": ["double_surface", "regular_shape", "current_scanning"], "attributes": {"occlusion": "20%~50%", "incompleteness": "20%~50%"}}}, {"uid": "UBCDqgpT7Qvs4pey", "label": "cabinet", "modelId": "custom.abandon", "children": [], "objectId": 17, "segments": {"obb": {"centroid": [-90.04601887951415, 60.694895303706986, 364.82486810623277], "axesLengths": [80.5688923925641, 75.24081406649685, 38.609260345152286], "normalizedAxes": [-0.8418937557003272, 0, -0.53964331193187, 0, 1, 0, 0.53964331193187, 0, -0.8418937557003272]}, "partId": 17, "fixScale": true, "segments": [93646], "fixRotate": true, "obbAligned": {"centroid": [3.444248684877025, -2.0881151608715576, -0.7130510994150175], "axesLengths": [0.38609260345152285, 0.805688923925641, 0.7524081406649685], "normalizedAxes": [-0.8418937557003272, 0.53964331193187, 0, -0.53964331193187, -0.8418937557003272, 0, 0, 0, 1]}, "fixPosition": true, "dominantNormal": [0.53964331193187, 0, -0.8418937557003272]}, "hierarchy": 1, "isInGroup": false, "labelType": "category", "attributes": {"tags": ["double_surface", "regular_shape", "current_scanning"], "attributes": {"occlusion": "20%~50%", "incompleteness": "0~20%"}}}, {"uid": "gEasejm1bLSxDKI9", "label": "chair", "modelId": "custom.abandon", "children": [], "objectId": 17, "segments": {"obb": {"centroid": [-145.50357262492568, 66.34909451334187, 315.2631802118331], "axesLengths": [63.661987897367766, 83.05012808754734, 48.93600832549055], "normalizedAxes": [-0.7926310362321085, 0, -0.6097015994743773, 0, 1, 0, 0.6097015994743773, 0, -0.7926310362321085]}, "partId": 17, "fixScale": true, "segments": [140558], "fixRotate": true, "obbAligned": {"centroid": [2.9486318059330285, -2.642690698325673, -0.6565091073186687], "axesLengths": [0.4893600832549055, 0.6366198789736777, 0.8305012808754734], "normalizedAxes": [-0.7926310362321085, 0.6097015994743773, 0, -0.6097015994743773, -0.7926310362321085, 0, 0, 0, 1]}, "fixPosition": true, "dominantNormal": [0.6097015994743773, 0, -0.7926310362321085]}, "hierarchy": 1, "isInGroup": false, "labelType": "category", "attributes": {"tags": ["regular_shape", "current_scanning"], "attributes": {"occlusion": "0~20%", "incompleteness": "0~20%"}}}, {"uid": "itQJQwGWCjjfGLau", "label": "cabinet", "modelId": "custom.abandon", "children": [], "objectId": 17, "segments": {"obb": {"centroid": [-207.62936879257416, 134.61437472847655, 230.22232804236768], "axesLengths": [103.21521925240395, 217.74617305583678, 68.82781668146069], "normalizedAxes": [0.5068367526022464, 0, -0.8620420559413614, 0, 1, 0, 0.8620420559413614, 0, 0.5068367526022464]}, "partId": 17, "fixScale": true, "segments": [334011], "fixRotate": true, "obbAligned": {"centroid": [2.098223284238374, -3.2639486600021574, 0.026143694832678088], "axesLengths": [0.6882781668146069, 1.0321521925240396, 2.1774617305583677], "normalizedAxes": [0.5068367526022464, 0.8620420559413614, 0, -0.8620420559413614, 0.5068367526022464, 0, 0, 0, 1]}, "fixPosition": true, "dominantNormal": [0.8620420559413614, 0, 0.5068367526022464]}, "hierarchy": 1, "isInGroup": false, "labelType": "category", "attributes": {"tags": ["double_surface", "regular_shape", "current_scanning"], "attributes": {"occlusion": "0~20%", "incompleteness": "20%~50%"}}}, {"uid": "wmBh7PN9j8jVpdgL", "label": "sofa", "modelId": "custom.abandon", "children": [], "objectId": 17, "segments": {"obb": {"centroid": [252.42708536744917, 70.09259247161556, -474.5540240926297], "axesLengths": [243.26401232088148, 96.82093979942472, 89.09093401804384], "normalizedAxes": [0.5290054104811583, 0, -0.8486184511791274, 0, 1, 0, 0.8486184511791274, 0, 0.5290054104811583]}, "partId": 17, "fixScale": true, "segments": [839040], "fixRotate": true, "obbAligned": {"centroid": [-4.9495402371115995, 1.3366158815980755, -0.6190741277359317], "axesLengths": [0.8909093401804384, 2.432640123208815, 0.9682093979942472], "normalizedAxes": [0.5290054104811583, 0.8486184511791274, 0, -0.8486184511791274, 0.5290054104811583, 0, 0, 0, 1]}, "fixPosition": true, "dominantNormal": [0.8486184511791274, 0, 0.5290054104811583]}, "hierarchy": 1, "isInGroup": false, "labelType": "category", "attributes": {"tags": ["double_surface", "regular_shape"], "attributes": {"occlusion": "0~20%", "incompleteness": "50%~100%"}}}, {"uid": "hIy4JVxuq9STtRel", "label": "chair", "modelId": "custom.abandon", "children": [], "objectId": 17, "segments": {"obb": {"centroid": [342.60803381202527, 63.3565624424867, -363.7189433134098], "axesLengths": [39.47222961957481, 84.26122608252098, 48.85200063218798], "normalizedAxes": [-0.9773153692168104, 0, -0.21178920910332028, 0, 1, 0, 0.21178920910332028, 0, -0.9773153692168104]}, "partId": 17, "fixScale": true, "segments": [814432], "fixRotate": true, "obbAligned": {"centroid": [-3.841189429319401, 2.238425366043837, -0.6864344280272204], "axesLengths": [0.4885200063218798, 0.3947222961957481, 0.8426122608252098], "normalizedAxes": [-0.9773153692168104, 0.21178920910332028, 0, -0.21178920910332028, -0.9773153692168104, 0, 0, 0, 1]}, "fixPosition": true, "dominantNormal": [-0.9773153692168104, 0, -0.21178920910332028]}, "hierarchy": 1, "isInGroup": false, "labelType": "category", "attributes": {"tags": ["double_surface"], "attributes": {"occlusion": "0~20%", "incompleteness": "50%~100%"}}}], "stats": {"labelCount": 16, "totalSegments": 15974, "totalVertices": 992043, "percentComplete": 2.547369418462708, "annotatedSegments": 17, "annotatedVertices": 25271, "unannotatedSegments": 15957, "unannotatedVertices": 966772}, "comment": "", "confirm": false, "skipped": false, "attributes": {"tags": [], "attributes": {}}, "mesh_quality": [], "relabel_reason": "", "skipped_reason": "", "label_version": "LO_v1.5.2"}